-6.043378511083929983e-02 -9.975128387331954061e-01 3.627525574850685997e-02 6.611022595597067948e+02 9.980454856986574752e-01 -6.096526615310038366e-02 -1.372751978374509539e-02 1.111605826140391628e+03 1.590490784972915794e-02 3.537474926164589639e-02 9.992475474180396722e-01 0.000000000000000000e+00
-2.143354874009077982e-01 -9.760839494316925213e-01 3.633761828249583437e-02 6.608891533432645247e+02 9.766566721813126906e-01 -2.147058160139021510e-01 -6.569418050952314028e-03 1.113357365194008253e+03 1.421420150198634755e-02 3.408131792688602613e-02 9.993179775446989765e-01 0.000000000000000000e+00
-4.269273813210969770e-01 -9.042528949791155402e-01 7.727418728130822784e-03 6.600475738539286112e+02 9.042830781297639398e-01 -4.269318497232079679e-01 1.144683397237314729e-03 1.115914946139507265e+03 2.263997895400278026e-03 7.476470678695988983e-03 9.999694878843654600e-01 0.000000000000000000e+00
-5.600636982097629835e-01 -8.284347479869643704e-01 -4.951997110144832140e-03 6.589144744164801750e+02 8.284495074715344520e-01 -5.600517903254175200e-01 -3.661382726097429062e-03 1.117952124426021101e+03 2.598418287554416818e-04 -6.153087117039417013e-03 9.999810358207570360e-01 0.000000000000000000e+00
-6.657123973479377455e-01 -7.461595780636478548e-01 -8.537451677208018549e-03 6.574296811432332106e+02 7.462068269368478113e-01 -6.656437745637080461e-01 -9.681777596123658167e-03 1.119885578674953649e+03 1.541249526457701396e-03 -1.281598410028110015e-02 9.999166840799480482e-01 0.000000000000000000e+00
-7.336462601080439017e-01 -6.793764409937341764e-01 -1.451951969476818899e-02 6.556014127239220670e+02 6.795221464625738061e-01 -7.333560160899207370e-01 -2.094292557441258459e-02 1.121774010878506942e+03 3.580153121846732338e-03 -2.523103421198340593e-02 9.996752359722720360e-01 0.000000000000000000e+00
-7.630871797881439988e-01 -6.461742106251666673e-01 -1.252379997924819507e-02 6.534232989188790270e+02 6.461945582224102314e-01 -7.624820818620218210e-01 -3.246024896857385017e-02 1.123717468678577916e+03 1.142580267296388133e-02 -3.286281123550614108e-02 9.993945600567265553e-01 0.000000000000000000e+00
-7.710950722620665276e-01 -6.367155237040733606e-01 2.394035798855366493e-03 6.509083053444753659e+02 6.358629979164467372e-01 -7.702467509743154972e-01 -4.897132318224528547e-02 1.125842975647844696e+03 3.302479998224928243e-02 -3.623926720780297484e-02 9.987973158245739835e-01 0.000000000000000000e+00
-7.702216640845346296e-01 -6.377667391213008852e-01 -3.489218455980734601e-03 6.482061476594311671e+02 6.373500304054713350e-01 -7.694953855535419107e-01 -4.076506290871113880e-02 1.128110187637006220e+03 2.331366374029796018e-02 -3.362198807906886799e-02 9.991626669369784164e-01 0.000000000000000000e+00
-7.510061120307920390e-01 -6.602791676137326204e-01 -4.608742530329336742e-03 6.453296049137222781e+02 6.599776207745139400e-01 -7.504100889521613249e-01 -3.625242716870322873e-02 1.130596818031473958e+03 2.047827554278677797e-02 -3.026746130957631495e-02 9.993320374213302548e-01 0.000000000000000000e+00
-7.349924923386028652e-01 -6.780659666475188363e-01 -3.546981851460758936e-03 6.423882162704983330e+02 6.775923579415912279e-01 -7.342616451934459443e-01 -4.157442551579616785e-02 1.133297100695817335e+03 2.558579029545873101e-02 -3.296029842370795659e-02 9.991291138100105718e-01 0.000000000000000000e+00
-7.265167773638203652e-01 -6.870883636763570612e-01 -9.107837802450745313e-03 6.393646990894517330e+02 6.868340195583043650e-01 -7.257191440571229002e-01 -3.988425160862551361e-02 1.136132486770708510e+03 2.079427292002095085e-02 -3.523215079360868945e-02 9.991627964271809770e-01 0.000000000000000000e+00
-7.123747005803187093e-01 -7.017495369377708681e-01 -8.359029891413155555e-03 6.363636220629414311e+02 7.015385464412891015e-01 -7.117348116333430674e-01 -3.573829551465925597e-02 1.139040869663058402e+03 1.912991976315491990e-02 -3.132323924618760774e-02 9.993262234390636323e-01 0.000000000000000000e+00
-6.973538887170614986e-01 -7.166445292484496798e-01 -1.087072166235380707e-02 6.334449160435315207e+02 7.164983179054221774e-01 -6.966681363141251637e-01 -3.582831678022807553e-02 1.141989722299350660e+03 1.810288181182926129e-02 -3.277386981837332458e-02 9.992988337465601445e-01 0.000000000000000000e+00
-6.847872385444327969e-01 -7.285727099852875588e-01 -1.575576692468304979e-02 6.304806329655903028e+02 7.284893072346171339e-01 -6.838182856038419466e-01 -4.118108204808169914e-02 1.145105181320493784e+03 1.922933102108687758e-02 -3.967818718789001275e-02 9.990274642320721155e-01 0.000000000000000000e+00
-6.752081177285852442e-01 -7.374577121839169802e-01 -1.581519819301425295e-02 6.281511464099377235e+02 7.373603790037008832e-01 -6.742319258484354982e-01 -4.136401385538464315e-02 1.147642127344854998e+03 1.984109948918510308e-02 -3.959081847061302062e-02 9.990189677197761631e-01 0.000000000000000000e+00
-6.635414703170008366e-01 -7.479807859450260388e-01 -1.540977049191094399e-02 6.252732081635363102e+02 7.479311872331575461e-01 -6.627299419404536485e-01 -3.725537839831759290e-02 1.150878711138740982e+03 1.765379091163308406e-02 -3.624593649864132905e-02 9.991869573577233377e-01 0.000000000000000000e+00
-6.500859381808886672e-01 -7.597030426201715203e-01 -1.547772635523454385e-02 6.218643448459861247e+02 7.596745407767458991e-01 -6.493409898190222185e-01 -3.536765523034723913e-02 1.154858145205222172e+03 1.681859313718006219e-02 -3.475004999285943863e-02 9.992545065949813843e-01 0.000000000000000000e+00
-6.401091687194575552e-01 -7.681391458217383672e-01 -1.491659403265802215e-02 6.190368411533047492e+02 7.681359749677105775e-01 -6.394841669919585359e-01 -3.204877730905834887e-02 1.158244129604049704e+03 1.507899471747965910e-02 -3.197268870224966031e-02 9.993749902291227949e-01 0.000000000000000000e+00
-6.278317040680785333e-01 -7.782456000815315411e-01 -1.269398758115268359e-02 6.162832375430332377e+02 7.782537739997644755e-01 -6.274160436137704577e-01 -2.588767025376476072e-02 1.161658009916799529e+03 1.218255400550481878e-02 -2.613224387191184078e-02 9.995842591838478564e-01 0.000000000000000000e+00
-6.166145172534643892e-01 -7.872098300901334555e-01 -9.339192777751460089e-03 6.141187595907512105e+02 7.871074637393390416e-01 -6.162100937078883733e-01 -2.733058613239218101e-02 1.164433120547177623e+03 1.576000120880994421e-02 -2.420338451494794332e-02 9.995828222513229999e-01 0.000000000000000000e+00
-6.015710349359321141e-01 -7.987907844698148851e-01 -6.750746048296258663e-03 6.114138328650778931e+02 7.987360832673419120e-01 -6.013648923177203898e-01 -1.951757091550132550e-02 1.167968407289270090e+03 1.153079411214059241e-02 -1.713326979282223106e-02 9.997867231831746304e-01 0.000000000000000000e+00
-5.828960947853134567e-01 -8.125236373119726352e-01 6.122213109043970515e-03 6.087332993013860687e+02 8.123379501722207685e-01 -5.829005815947503333e-01 -1.827475544285479467e-02 1.171627106134333644e+03 1.841731234532388573e-02 -5.678977533278439620e-03 9.998142586601530546e-01 0.000000000000000000e+00
-5.658898121500280931e-01 -8.244320034305199218e-01 -8.977317213174273655e-03 6.060795070900653627e+02 8.244789628033819540e-01 -5.658314725444804072e-01 -8.317726420438336168e-03 1.175406949649872558e+03 1.777751238559634878e-03 -1.210852582625204267e-02 9.999251087970782992e-01 0.000000000000000000e+00
-5.504553563776094505e-01 -8.346023742354867769e-01 -2.092313446135337859e-02 6.034923945758662285e+02 8.348630817189085507e-01 -5.502336617341365699e-01 -1.570198323305322177e-02 1.179282877741611173e+03 1.592299596885855123e-03 -2.611119329201013264e-02 9.996577765249771153e-01 0.000000000000000000e+00
-5.376062886634279669e-01 -8.428889050331614952e-01 -2.275460747921698862e-02 6.009132615814703513e+02 8.431455453931747668e-01 -5.370831602622379020e-01 -2.544146706409233100e-02 1.183309272252220580e+03 9.223213820625410578e-03 -3.286293861975153607e-02 9.994173100322475412e-01 0.000000000000000000e+00
-5.255098512748560546e-01 -8.503562239960714697e-01 -2.708668536794386211e-02 5.983959653185270327e+02 8.507572585440593693e-01 -5.249562727751017066e-01 -2.515946558792071797e-02 1.187364300980799044e+03 7.175182762515670831e-03 -3.626574120594047712e-02 9.993164227446220682e-01 0.000000000000000000e+00
-5.094794619969904570e-01 -8.598976356751738548e-01 -3.172907126758069130e-02 5.953996774991322809e+02 8.604724291794328961e-01 -5.089456573901539604e-01 -2.369633823504738168e-02 1.192336330661017882e+03 4.228052187818570964e-03 -3.937478868451316227e-02 9.992155671279080442e-01 0.000000000000000000e+00
-4.883105215875713778e-01 -8.722227369864402613e-01 -2.793441588358857447e-02 5.930106441037893319e+02 8.726513733775448367e-01 -4.878410549715085365e-01 -2.215142493318850853e-02 1.196482190082620264e+03 5.693421568712645278e-03 -3.519378024834628194e-02 9.993642893273063654e-01 0.000000000000000000e+00
-4.648469755041851892e-01 -8.847907702950044140e-01 -3.259727236110937509e-02 5.906908579031617137e+02 8.853883372397925999e-01 -4.644394787171377548e-01 -1.958220847373933274e-02 1.200751599314596206e+03 2.186697136562989682e-03 -3.796397515706542714e-02 9.992767159030108148e-01 0.000000000000000000e+00
-4.426617890799325883e-01 -8.960984801463741656e-01 -3.252774766121153960e-02 5.884532402421434654e+02 8.966774721117704017e-01 -4.421837743558778566e-01 -2.104805700379728389e-02 1.205080652388574663e+03 4.477889659006898185e-03 -3.848406911630203320e-02 9.992491805993405363e-01 0.000000000000000000e+00
-4.115647107804402127e-01 -9.108818181434882311e-01 -3.014634664143475001e-02 5.863928060605269366e+02 9.113736924037852960e-01 -4.112081809397905019e-01 -1.748784499241187035e-02 1.209443252472177846e+03 3.532935677694866439e-03 -3.467196711756400512e-02 9.993925020039403639e-01 0.000000000000000000e+00
-3.969725287529315416e-01 -9.176488407303645678e-01 -1.825969664921903851e-02 5.848266739927610161e+02 9.178152152261230823e-01 -3.967725746021371069e-01 -1.366582390555038523e-02 1.212932177341565648e+03 5.295480613588961737e-03 -2.218398408334528588e-02 9.997398805365629304e-01 0.000000000000000000e+00
-3.791993232439636596e-01 -9.251340631894720001e-01 -1.829858950460887951e-02 5.829589278262691323e+02 9.252993222847309962e-01 -3.790035759174879004e-01 -1.332117191446509016e-02 1.217341215783662392e+03 5.388639043181588269e-03 -2.198305184216274230e-02 9.997438211866913615e-01 0.000000000000000000e+00
-3.737300418135024449e-01 -9.272784707850489916e-01 -2.192016114491489309e-02 5.813112556241012499e+02 9.275336846409714120e-01 -3.735561320351764580e-01 -1.170812005665766709e-02 1.221399216506070843e+03 2.668277051023111232e-03 -2.470736403299893941e-02 9.996911655406983677e-01 0.000000000000000000e+00
-3.691128375574045384e-01 -9.291134351455422324e-01 -2.244855858115810121e-02 5.795193100431372386e+02 9.293809170675625397e-01 -3.689357966526497501e-01 -1.172556774451801939e-02 1.225925116554734586e+03 2.612305682297665077e-03 -2.519131954315223867e-02 9.996792351943182275e-01 0.000000000000000000e+00
-3.568977738289993429e-01 -9.337943090435266713e-01 -2.553756906650330588e-02 5.778122100267937640e+02 9.341313075727862847e-01 -3.566203773811694733e-01 -1.485283302498720086e-02 1.230400182797950038e+03 4.762273434012703408e-03 -2.915638582599485579e-02 9.995635177002536453e-01 0.000000000000000000e+00
-3.316670689262862792e-01 -9.428744362423859826e-01 -3.138077230484976471e-02 5.761739703503187684e+02 9.433929444470672276e-01 -3.313909599715874066e-01 -1.377621198306796385e-02 1.234918077289907615e+03 2.589933848336840871e-03 -3.417351503302653443e-02 9.994125590130177317e-01 0.000000000000000000e+00
-2.911355741463363955e-01 -9.559273782735510094e-01 -3.798585175481267173e-02 5.746894125481233004e+02 9.566817987243755317e-01 -2.909108005068522518e-01 -1.143862482800870640e-02 1.239493419957513197e+03 -1.159998990340575797e-04 -3.967056358961851964e-02 9.992128066275499654e-01 0.000000000000000000e+00
-2.514413495339472560e-01 -9.670986705528322736e-01 -3.869637139955352245e-02 5.736766713240808713e+02 9.678653539430516206e-01 -2.510844124625437601e-01 -1.390231833296652619e-02 1.243148042499176654e+03 3.728857900124924601e-03 -4.094849488423227962e-02 9.991543005889914619e-01 0.000000000000000000e+00
