-6.512622118558452078e-01 -7.587321559532815840e-01 -1.352948377127012256e-02 7.322886159828824475e+02 7.586157017139187886e-01 -6.514008897851073510e-01 1.338274636495459524e-02 9.488005086665738190e+02 -1.896703776899647323e-02 -1.548001826623059303e-03 9.998189111877281432e-01 0.000000000000000000e+00
-6.863073563943612454e-01 -7.269714996655536332e-01 -2.224075612472255215e-02 7.291160762515455644e+02 7.271456459148082363e-01 -6.864831183841724194e-01 3.712151385042083626e-04 9.523759036508013196e+02 -1.553776644565837799e-02 -1.591750129758471438e-02 9.997525748735641704e-01 0.000000000000000000e+00
-7.260312888614348648e-01 -6.874976083399323423e-01 -1.502019044741275886e-02 7.257331326219858738e+02 6.874077380919262348e-01 -7.261835752302522318e-01 1.131444550785613672e-02 9.558213643259582568e+02 -1.868606982608506453e-02 -2.110353686344698665e-03 9.998231729669867507e-01 0.000000000000000000e+00
-7.667889442853498272e-01 -6.417171981464674380e-01 -1.528896742119186143e-02 7.221865825841407514e+02 6.416922961882519649e-01 -7.669290497259072525e-01 7.129495014767441192e-03 9.590462269149891199e+02 -1.630067282070079768e-02 -4.343994655190795175e-03 9.998576987631930812e-01 0.000000000000000000e+00
-8.068050763662203417e-01 -5.905521769364547868e-01 -1.771143882669439298e-02 7.183170360301193114e+02 5.906322547614843987e-01 -8.069403900822702536e-01 8.639960871694284811e-04 9.621378794756694788e+02 -1.480231012587352422e-02 -9.763870620191761676e-03 9.998427668615949004e-01 0.000000000000000000e+00
-8.436545381135828192e-01 -5.364446915636772450e-01 -2.177414093617225169e-02 7.143166912317424249e+02 5.365492343291312638e-01 -8.438681473155339452e-01 1.212059021340379690e-03 9.649223312741529526e+02 -1.902470659905491565e-02 -1.066033955366249564e-02 9.997621805706697895e-01 0.000000000000000000e+00
-8.738311523657078528e-01 -4.859721975539293970e-01 -1.581582624537657827e-02 7.092902914986998439e+02 4.860313920376474472e-01 -8.739413439428588282e-01 1.153312479967509400e-04 9.679761686269691836e+02 -1.387815222448676028e-02 -7.586208008925159757e-03 9.998749153463543093e-01 0.000000000000000000e+00
-8.879472388052920273e-01 -4.594619831476892124e-01 -2.108049193095985763e-02 7.050561578214915244e+02 4.595728372371807313e-01 -8.881399593525595160e-01 -4.689083094383808201e-04 9.703110745081072537e+02 -1.850698170492565131e-02 -1.010438732568538431e-02 9.997776717775538335e-01 0.000000000000000000e+00
-8.951105774759133826e-01 -4.453075891481358406e-01 -2.186790199840896870e-02 7.008161727025897108e+02 4.455200091799458306e-01 -8.952532631173454325e-01 -5.789326216933469473e-03 9.725288811094826542e+02 -1.699927972115120728e-02 -1.492467503231308459e-02 9.997441065413398276e-01 0.000000000000000000e+00
-9.007469495094022616e-01 -4.339154669877319792e-01 -1.929508896910937452e-02 6.967676046895667241e+02 4.340879620432153141e-01 -9.008526065922232151e-01 -5.676478236229340335e-03 9.745152068984052676e+02 -1.491891948753186828e-02 -1.348883630328329836e-02 9.997977181092722043e-01 0.000000000000000000e+00
-8.992536126859206336e-01 -4.371604834940290285e-01 -1.528567115265330907e-02 6.927550054737644132e+02 4.373105500335257023e-01 -8.992723179368212749e-01 -8.293432456580953488e-03 9.765006175355027835e+02 -1.012041998612254155e-02 -1.414248435754550740e-02 9.998487721828241970e-01 0.000000000000000000e+00
-8.959863607671524344e-01 -4.437963874680196930e-01 -1.591250418916818898e-02 6.889736600252874723e+02 4.438592284214111783e-01 -8.960964039062621067e-01 -4.693095093730261826e-04 9.783931243654560603e+02 -1.405085991619280106e-02 -7.483406751033219728e-03 9.998732779502681467e-01 0.000000000000000000e+00
-8.893837858379137762e-01 -4.567719089513305741e-01 -1.886543616185332867e-02 6.854342495865332694e+02 4.569730018675959293e-01 -8.894444952495931256e-01 -8.010332971506842203e-03 9.802345532579232668e+02 -1.312086326191209268e-02 -1.574525525844463689e-02 9.997899428800574029e-01 0.000000000000000000e+00
-8.878991059466244673e-01 -4.598107486783538089e-01 -1.446558187689611294e-02 6.816494162946079314e+02 4.599311205386690249e-01 -8.879319242138763446e-01 -6.345259796715144174e-03 9.822120243757050275e+02 -9.926833293139487868e-03 -1.228712178238712538e-02 9.998752345263258734e-01 0.000000000000000000e+00
-8.892620167144429377e-01 -4.569382312421363390e-01 -2.050654671730952130e-02 6.783559835474040938e+02 4.571862154955757540e-01 -8.893208670195257293e-01 -9.442449071689479334e-03 9.839377911855542607e+02 -1.392228392880237413e-02 -1.777212179078397139e-02 9.997451283688555401e-01 0.000000000000000000e+00
-8.912146737439206046e-01 -4.531095630765398230e-01 -2.069128203144440792e-02 6.751802443403978486e+02 4.533475171597052267e-01 -8.912929921954869661e-01 -8.534093293779763945e-03 9.855814501053348522e+02 -1.457511539056781900e-02 -1.698605050632265648e-02 9.997494886718113483e-01 0.000000000000000000e+00
-8.936369784689524032e-01 -4.483878761043856853e-01 -1.900692703936311331e-02 6.721923134195553757e+02 4.485920788752880695e-01 -8.936997275300139210e-01 -8.120577758185674316e-03 9.871035021197831156e+02 -1.334531690252827377e-02 -1.578320548486604469e-02 9.997863736525886003e-01 0.000000000000000000e+00
-8.974826262086839090e-01 -4.406272086581059511e-01 -1.930281439918089120e-02 6.696246306039721503e+02 4.407617790556425663e-01 -8.976185769592379682e-01 -3.153477663965419987e-03 9.883980940826554615e+02 -1.593705673166227743e-02 -1.133813423090995753e-02 9.998087101715475988e-01 0.000000000000000000e+00
-9.032158890379120564e-01 -4.287869113896430884e-01 -1.851600416895298959e-02 6.668684823859077824e+02 4.289127820811186043e-01 -9.033400022490041259e-01 -3.265838974020918682e-03 9.897535362182925383e+02 -1.532589824085820937e-02 -1.089150851350618315e-02 9.998232303189453773e-01 0.000000000000000000e+00
-9.099789212206506051e-01 -4.141242766945250620e-01 -2.096297656198173320e-02 6.640188552810686815e+02 4.142921353850535504e-01 -9.101341784965484294e-01 -4.219441966191048166e-03 9.910874157654635610e+02 -1.733174809977824221e-02 -1.252439957243790813e-02 9.997713488208970212e-01 0.000000000000000000e+00
-9.143954092649970722e-01 -4.043974675740139579e-01 -1.853978788507448794e-02 6.616608023034045800e+02 4.045118514022264522e-01 -9.145286670453541822e-01 -2.734817615771834194e-03 9.921575719430677509e+02 -1.584921418374583835e-02 -1.000026859503485785e-02 9.998243830982443958e-01 0.000000000000000000e+00
-9.168074840622215671e-01 -3.989052631434615859e-01 -1.840185327473442892e-02 6.594464783106711820e+02 3.990204420017944842e-01 -9.169373721625370122e-01 -2.922737818131706383e-03 9.931444152442702489e+02 -1.570745148621438894e-02 -1.002230353295153857e-02 9.998263996313067059e-01 0.000000000000000000e+00
-9.160591543883264132e-01 -4.006617570631815783e-01 -1.748662598639274743e-02 6.573635591118129469e+02 4.007640044370155974e-01 -9.161775037632772234e-01 -2.644682532447956581e-03 9.940642241704335902e+02 -1.496123019513046284e-02 -9.430695898698989582e-03 9.998435995524073139e-01 0.000000000000000000e+00
-9.144758414398449498e-01 -4.045623860616763268e-01 -7.950547589304798185e-03 6.554970625733592442e+02 4.046047399827446545e-01 -9.144797184230817333e-01 -4.674288858829639751e-03 9.948964226107399327e+02 -5.379573066907137290e-03 -7.491353477402236741e-03 9.999574690039044755e-01 0.000000000000000000e+00
-9.149713817089145662e-01 -4.031715121424699899e-01 -1.673626154297147561e-02 6.537958026534520286e+02 4.031018763320168286e-01 -9.151244285045389004e-01 7.493840927682642386e-03 9.956636502922578984e+02 -1.833706495838319933e-02 1.102315571534220537e-04 9.998318558126240152e-01 0.000000000000000000e+00
-9.221077647638895591e-01 -3.865510873140155512e-01 -1.719090045622400503e-02 6.522000839668997969e+02 3.865431153580026757e-01 -9.222630131262464781e-01 3.918493157708260836e-03 9.963651390284645686e+02 -1.736922944385517475e-02 -3.031751251261178160e-03 9.998445470936355717e-01 0.000000000000000000e+00
-9.277816971515232547e-01 -3.728743494588402929e-01 -1.363238593521135661e-02 6.507766053896036738e+02 3.728842224708274755e-01 -9.278759218819313537e-01 1.905314693978767213e-03 9.969586198455563135e+02 -1.335960564411620838e-02 -3.315585529486176058e-03 9.999052594269270955e-01 0.000000000000000000e+00
-9.300735923020186924e-01 -3.670373594657290184e-01 -1.570635727479048963e-02 6.496582465816816239e+02 3.670313322042318971e-01 -9.302024791162577522e-01 3.368831600789554473e-03 9.974165893628174899e+02 -1.584657953013428669e-02 -2.631463925835081027e-03 9.998709723333316646e-01 0.000000000000000000e+00
-9.297775460171507911e-01 -3.679176277017696672e-01 -1.226108268574626313e-02 6.485485079297795892e+02 3.678992019292371407e-01 -9.298578803006865012e-01 3.807842242566158650e-03 9.978735019150651624e+02 -1.280203664090699862e-02 -9.703963189608292086e-04 9.999175796978613251e-01 0.000000000000000000e+00
-9.287063045724732735e-01 -3.706931469096835241e-01 -9.549381212237239083e-03 6.476041346116015802e+02 3.706814415467501456e-01 -9.287551175625514688e-01 3.033231642127954923e-03 9.982631090967788623e+02 -9.993434853147452682e-03 -7.227970443586040957e-04 9.999498031522724428e-01 0.000000000000000000e+00
-9.278407341351023740e-01 -3.728598220962580645e-01 -9.334085171113955248e-03 6.468602863950505935e+02 3.728717701735875800e-01 -9.278827523674422206e-01 4.907816577821840030e-04 9.985750485426909790e+02 -8.843929401014114650e-03 -3.025049647047630026e-03 9.999563160395471551e-01 0.000000000000000000e+00
-9.274133862243606474e-01 -3.738890286416637898e-01 -1.055487154150955981e-02 6.463050062897164025e+02 3.738782485373867703e-01 -9.274727743171642391e-01 3.050929536751323910e-03 9.988114259938292889e+02 -1.093006507211527131e-02 -1.116763992666237404e-03 9.999396414362738961e-01 0.000000000000000000e+00
-9.279820615230888192e-01 -3.724579280035085760e-01 -1.115281841915557320e-02 6.459539665019509584e+02 3.724763879190717275e-01 -9.280415599635502000e-01 4.510245899065246263e-04 9.989599193248759548e+02 -1.051826668793857597e-02 -3.735618791145297723e-03 9.999377036686478704e-01 0.000000000000000000e+00
-9.283828785692153085e-01 -3.714487044483882339e-01 -1.144948658902841809e-02 6.456876284449281229e+02 3.714647542018252868e-01 -9.284467367591144882e-01 7.703162531917154797e-04 9.990738859253092414e+02 -1.091637143541427518e-02 -3.537932300983758892e-03 9.999341557671274083e-01 0.000000000000000000e+00
-9.272927829221666585e-01 -3.741938070810273409e-01 -1.034840483695415037e-02 6.454919014660058565e+02 3.742049880824998009e-01 -9.273455691166773152e-01 9.068262463544304614e-04 9.991575383606776768e+02 -9.935876138459389523e-03 -3.031531275076449101e-03 9.999460426360461396e-01 0.000000000000000000e+00
-9.243658011189017643e-01 -3.814074873602686377e-01 -8.728935063154506097e-03 6.452181548974460839e+02 3.814129953774652027e-01 -9.244040991673277974e-01 1.090137528078807816e-03 9.992700349164564386e+02 -8.484849969207119980e-03 -2.321643419420797976e-03 9.999613078978771830e-01 0.000000000000000000e+00
-9.201370638695476334e-01 -3.915009912418435101e-01 -8.646244860202340760e-03 6.448666178030937317e+02 3.915114660321833973e-01 -9.201730844913477148e-01 5.162780356136932071e-04 9.994191169542336866e+02 -8.158165164979001155e-03 -2.910057445061127457e-03 9.999624872498004136e-01 0.000000000000000000e+00
-9.169581309946174263e-01 -3.988818798738771321e-01 -9.001772666526136266e-03 6.444150617385159876e+02 3.988960710960167688e-01 -9.169961112851761076e-01 2.373858178395728703e-04 9.996148687293116382e+02 -8.349279431152904427e-03 -3.373098893725987035e-03 9.999594550464702136e-01 0.000000000000000000e+00
-9.163762863198608999e-01 -4.002330186787796396e-01 -8.248189491706680102e-03 6.438300145724406320e+02 4.002579863880855737e-01 -9.164011617448430957e-01 -1.566871167687329362e-03 9.998709731140451140e+02 -6.931536855167367769e-03 -4.737247299084863632e-03 9.999647555213396766e-01 0.000000000000000000e+00
