-8.589108198774829672e-01 -5.121251605428239762e-01 -1.530894416626924458e-04 5.934275823663597293e+02 5.121134639424683721e-01 -8.588931484822496243e-01 6.508420629834152718e-03 1.511444553802656628e+03 -3.464613432483102350e-03 5.511753735015475011e-03 9.999788082877196782e-01 0.000000000000000000e+00
-8.588978077457408711e-01 -5.121469894897375807e-01 -1.304076656925036437e-04 5.934275895971168211e+02 5.121356025332070017e-01 -8.588803547240384528e-01 6.454524541702229626e-03 1.511444549488636085e+03 -3.417669894789135930e-03 5.476990570464747646e-03 9.999791608362552653e-01 0.000000000000000000e+00
-8.588683763364026724e-01 -5.121963539259561937e-01 -8.458266574679356060e-05 5.934275944706951122e+02 5.121851001745651999e-01 -8.588505772612674560e-01 6.489152268029919207e-03 1.511444546579336020e+03 -3.396364003058204538e-03 5.530005691113989985e-03 9.999789416525804997e-01 0.000000000000000000e+00
-8.589416215313032676e-01 -5.120735088240969679e-01 -1.111834216569701321e-04 5.934275790809147111e+02 5.120618606534740325e-01 -8.589235078732297968e-01 6.561896589260054168e-03 1.511444555755536385e+03 -3.455671465550222941e-03 5.579353306932270835e-03 9.999784643438069942e-01 0.000000000000000000e+00
-8.588722302081044369e-01 -5.121898879568066443e-01 -1.041736515237294373e-04 5.934275846182817986e+02 5.121779686301864976e-01 -8.588535957730474291e-01 6.650524607992428644e-03 1.511444552458808630e+03 -3.495801369017592294e-03 5.658595452898127626e-03 9.999778795904881168e-01 0.000000000000000000e+00
-8.588864832357968604e-01 -5.121659819272313952e-01 -1.259815834706290699e-04 5.934275934068145943e+02 5.121541729032462742e-01 -8.588682993594117798e-01 6.583884359784090458e-03 1.511444547218051639e+03 -3.480243186370185829e-03 5.590287290122684764e-03 9.999783180626355961e-01 0.000000000000000000e+00
-8.588420644826225692e-01 -5.122404596730522064e-01 -1.405317300282454829e-04 5.934276012634263680e+02 5.122287507070552026e-01 -8.588242246289504722e-01 6.531319895066327319e-03 1.511444542526623991e+03 -3.466298359397798883e-03 5.537387869968119630e-03 9.999786608279503941e-01 0.000000000000000000e+00
-8.588365416028759247e-01 -5.122496426859400875e-01 3.136490685872947437e-04 5.934276053446606056e+02 5.122417358136798216e-01 -8.588195403632895575e-01 6.115650478585504812e-03 1.511444540093858450e+03 -2.863371823528009213e-03 5.413008250009848296e-03 9.999812500459623887e-01 0.000000000000000000e+00
-8.586620936715838592e-01 -5.125381899044828549e-01 2.003192693809825991e-03 5.934256873785916468e+02 5.125414083193219339e-01 -8.586479274402635253e-01 5.004144341066334330e-03 1.511445684723059458e+03 -8.447778277876145025e-04 5.323588261355091840e-03 9.999854727737024218e-01 0.000000000000000000e+00
-8.579345903772008786e-01 -5.137511086069134203e-01 2.834967278759858815e-03 5.933095666143212839e+02 5.137588832576237552e-01 -8.579238152646210258e-01 4.305470436017061475e-03 1.511515162216302542e+03 2.202457343659623441e-04 5.150301638113016778e-03 9.999867128541523043e-01 0.000000000000000000e+00
-8.565750758658086106e-01 -5.160152169837182168e-01 2.726764883666744389e-03 5.930914938184318999e+02 5.160224208871349028e-01 -8.565633554921353587e-01 4.480978669288866560e-03 1.511645995153367949e+03 2.339369805920117965e-05 5.245366460058920217e-03 9.999862426970856921e-01 0.000000000000000000e+00
-8.544925208193570043e-01 -5.194581247314085104e-01 2.405933147332322414e-03 5.925981577484155878e+02 5.194636825281857551e-01 -8.544844027755461591e-01 3.726653669827030124e-03 1.511943366671715921e+03 1.199918216643789618e-04 4.434192581181082421e-03 9.999901617206620186e-01 0.000000000000000000e+00
-8.544678480383034458e-01 -5.195034432716878481e-01 9.322540698819261826e-04 5.918935826396971152e+02 5.195034004847682851e-01 -8.544617244696540714e-01 3.373173744026726657e-03 1.512374148728983528e+03 -9.557999545803717942e-04 3.366577669537249365e-03 9.999938762818708637e-01 0.000000000000000000e+00
-8.548302173473298904e-01 -5.189077937938356699e-01 3.240263349346336752e-05 5.908969388866789814e+02 5.189028575426003487e-01 -8.548218098128357312e-01 4.415642923915589872e-03 1.512984401537457870e+03 -2.263613050024816144e-03 3.791438819490627107e-03 9.999902504762923083e-01 0.000000000000000000e+00
-8.551167202713728654e-01 -5.184345103628333895e-01 -1.026244210648014597e-03 5.896303742070315366e+02 5.184262474473169124e-01 -8.551115836438181184e-01 4.290160353058023249e-03 1.513757909752504929e+03 -3.101720494188200429e-03 3.136555915454467512e-03 9.999902706261522001e-01 0.000000000000000000e+00
-8.548975517521326672e-01 -5.187957677145847990e-01 1.061795480784611268e-03 5.882346026564018757e+02 5.187950542279929911e-01 -8.548874036624006800e-01 4.383921524429934199e-03 1.514620070707411742e+03 -1.366644351078694086e-03 4.298658022341321841e-03 9.999898268594659134e-01 0.000000000000000000e+00
-8.554362880086564536e-01 -5.179051658731842478e-01 -1.730988110912874949e-03 5.866013526037854717e+02 5.178872644291702132e-01 -8.554271141976952375e-01 6.101937190247302273e-03 1.515622299537199297e+03 -4.640958957091502121e-03 4.323361802167038914e-03 9.999798848190327716e-01 0.000000000000000000e+00
-8.563011204282174882e-01 -5.163459170948808685e-01 -1.163121029069878049e-02 5.847762449737865609e+02 5.162416653934941424e-01 -8.563736556134563527e-01 1.089517705214275087e-02 1.516744244437720454e+03 -1.558634226275431092e-02 3.325036946001354906e-03 9.998729969672028872e-01 0.000000000000000000e+00
-8.529601709430930656e-01 -5.218505183670804071e-01 1.144479203563987177e-02 5.827964469780622494e+02 5.218559470050160298e-01 -8.530292157315559898e-01 -2.743662498239290981e-03 1.517950231457798509e+03 1.119452367130313250e-02 3.632297952525970902e-03 9.999307421273518903e-01 0.000000000000000000e+00
-8.394445984515073178e-01 -5.434393119393470251e-01 -2.545656983277385169e-03 5.806845834443233798e+02 5.434352380244111824e-01 -8.394483545789042100e-01 2.145243138135590009e-03 1.519305566545569718e+03 -3.302757020865508888e-03 4.174130560372317630e-04 9.999944587658482487e-01 0.000000000000000000e+00
-8.237571083284366269e-01 -5.668520757302270008e-01 -1.014646335951696621e-02 5.784934693100342429e+02 5.668311247372571637e-01 -8.238181535487312246e-01 5.111351353201848934e-03 1.520802374594982666e+03 -1.125622083423609074e-02 -1.540819227816175559e-03 9.999354596015875840e-01 0.000000000000000000e+00
-8.111356321457261487e-01 -5.848066836641437893e-01 -7.754289477412025858e-03 5.760894599942657806e+02 5.847401008087479424e-01 -8.111670175857781384e-01 9.331885509871929232e-03 1.522511401009839119e+03 -1.174737288625077487e-02 3.035180841439387087e-03 9.999263907446043209e-01 0.000000000000000000e+00
-8.018429357735872287e-01 -5.975228891985662205e-01 -3.781961632937386446e-03 5.738317432975068186e+02 5.974263606734104837e-01 -8.018018915648835732e-01 1.398106775246266836e-02 1.524179568881179421e+03 -1.138639198864740965e-02 8.951176837311839579e-03 9.998951077541623489e-01 0.000000000000000000e+00
-7.916450213680266135e-01 -6.109654359021119419e-01 -4.404120361673081324e-03 5.712058248377215932e+02 6.107451346352144039e-01 -7.915188566438845497e-01 2.209706081298128469e-02 1.526217563706937653e+03 -1.698648470495211019e-02 1.480323309622342751e-02 9.997461295885406996e-01 0.000000000000000000e+00
-7.877858505477673967e-01 -6.159492211465705802e-01 1.031778282761745130e-04 5.684567047256452952e+02 6.157063358245172813e-01 -7.874704795233863353e-01 2.821261960107611724e-02 1.528377205044922221e+03 -1.729629157587848215e-02 2.228902977120060871e-02 9.996019394987090134e-01 0.000000000000000000e+00
-7.828356616459870576e-01 -6.221851565925518024e-01 7.345595359852817585e-03 5.655545421958131556e+02 6.219580727763849293e-01 -7.820928603483431329e-01 3.871580427204693309e-02 1.530736360033077062e+03 -1.834346105766130469e-02 3.487676458687362369e-02 9.992232627037752613e-01 0.000000000000000000e+00
-7.862943565496526288e-01 -6.176203639347589425e-01 1.691954228883518416e-02 5.625220252926808371e+02 6.178191947750742985e-01 -7.856751431257328333e-01 3.184355573484432683e-02 1.533215715390693731e+03 -6.373964672528861786e-03 3.549162615963339512e-02 9.993496470439653390e-01 0.000000000000000000e+00
-7.948691501606879317e-01 -6.064711832174876083e-01 1.938396372278375704e-02 5.593750872955249633e+02 6.067353303146911792e-01 -7.947952339238738562e-01 1.314439347468026285e-02 1.535742769750999742e+03 7.434586118156239105e-03 2.220900850274798444e-02 9.997257058166387766e-01 0.000000000000000000e+00
-8.020410122410378539e-01 -5.963792338042526175e-01 3.258871231612788660e-02 5.560368386124739573e+02 5.965140671325344091e-01 -8.025764588675108335e-01 -6.480384609598004511e-03 1.538302877912182794e+03 3.001970013795889763e-02 1.424209109431233237e-02 9.994478377808860836e-01 0.000000000000000000e+00
-7.999690648786478286e-01 -5.991478316451008812e-01 3.273180520770034574e-02 5.522582183924300807e+02 5.990052029640799969e-01 -8.006029528192748490e-01 -1.508902776916345480e-02 1.541161494255439266e+03 3.524573816991723174e-02 7.535766187393636364e-03 9.993502640059822584e-01 0.000000000000000000e+00
-7.895710676777547565e-01 -6.134415569657643008e-01 1.633968401252984884e-02 5.488632039151821118e+02 6.134294062049159280e-01 -7.897241532971486233e-01 -6.334453582261968113e-03 1.543824304494725311e+03 1.678966018996823698e-02 5.021741383280382831e-03 9.998464329206684376e-01 0.000000000000000000e+00
-7.824119639138125137e-01 -6.226603344201784296e-01 1.120833012907285729e-02 5.453249102887748450e+02 6.226683388847586986e-01 -7.824793832848520037e-01 -3.186610213489761770e-03 1.546651852712517666e+03 1.075446302824824805e-02 4.485830347777450614e-03 9.999321071208109313e-01 0.000000000000000000e+00
-7.797990001536101445e-01 -6.258714302981497335e-01 1.408801249213893249e-02 5.410734690575200148e+02 6.259679583174314610e-01 -7.798410314979198343e-01 3.475737643591807029e-03 1.550137178522134946e+03 8.811045303289277361e-03 1.152902115572383354e-02 9.998947180337809382e-01 0.000000000000000000e+00
-7.874284504777741001e-01 -6.161767486418009421e-01 1.681219234338268698e-02 5.381202982892355067e+02 6.162990796703379237e-01 -7.875070313660730292e-01 2.849551980513394950e-03 1.552521961645139072e+03 1.148389200865417015e-02 1.260515696903898551e-02 9.998546045511415015e-01 0.000000000000000000e+00
-8.058312210431003431e-01 -5.919308385758792479e-01 1.593504110577458402e-02 5.343458224762014197e+02 5.920844302300081186e-01 -8.058424041057860032e-01 7.351681726938746712e-03 1.555463121695293694e+03 8.489444704632091027e-03 1.535910439654359846e-02 9.998460017626429330e-01 0.000000000000000000e+00
-8.218715560409990406e-01 -5.695013019399599585e-01 1.397900065948182516e-02 5.308184781885456687e+02 5.696142107789758935e-01 -8.218915628648962857e-01 5.823209608361478579e-03 1.558039869584259350e+03 8.172897245879783695e-03 1.274856777010646702e-02 9.998853323108701785e-01 0.000000000000000000e+00
-8.362429327916854893e-01 -5.481875024051826584e-01 1.371931349335132194e-02 5.263162072867744428e+02 5.482713586230026914e-01 -8.362950028400012448e-01 3.030765337241182397e-03 1.561159260815278230e+03 9.811965636286664599e-03 1.005636274259257001e-02 9.999012925777932548e-01 0.000000000000000000e+00
-8.429758297586555926e-01 -5.378187091019372978e-01 1.194933398276142554e-02 5.222145211846536768e+02 5.378716069560760538e-01 -8.430254370232012073e-01 1.498987100943785684e-03 1.563890202016962576e+03 9.267409195363599320e-03 7.690817366578345769e-03 9.999274805979879721e-01 0.000000000000000000e+00
-8.474173599706020799e-01 -5.308216124201625696e-01 1.059404588026358930e-02 5.179063800696703765e+02 5.308777107001245721e-01 -8.474422430713832721e-01 3.240515381341474693e-03 1.566687195354291362e+03 7.257706404175706845e-03 8.370211813366943907e-03 9.999386307428821397e-01 0.000000000000000000e+00
-8.508117192156539055e-01 -5.253878160379980011e-01 9.330659361791282524e-03 5.138454473524384412e+02 5.254376304479467796e-01 -8.508232009728277090e-01 3.895792037302539881e-03 1.569273787295378497e+03 5.891939795169737898e-03 8.217265066540592119e-03 9.999488794934850988e-01 0.000000000000000000e+00
